     3.00000  0.00101747     0.00000
     8.00000  0.00105322     0.00000
     13.0000  0.00109024     0.00000
     18.0000  0.00112855     0.00000
     23.0000  0.00116821     0.00000
     28.0000  0.00120926     0.00000
     33.0000  0.00125176     0.00000
     38.0000  0.00129575     0.00000
     43.0000  0.00134128     0.00000
     48.0000  0.00138842     0.00000
     53.0000  0.00143721     0.00000
     58.0000  0.00148772     0.00000
     63.0000  0.00154000     0.00000
     68.0000  0.00159412     0.00000
     73.0000  0.00165014     0.00000
     78.0000  0.00170813     0.00000
     83.0000  0.00176816     0.00000
     88.0000  0.00183029     0.00000
     93.0000  0.00189461     0.00000
     98.0000  0.00196119     0.00000
     103.000  0.00203012     0.00000
     108.000  0.00210146     0.00000
     113.000  0.00217531     0.00000
     118.000  0.00225175     0.00000
     123.000  0.00233088     0.00000
     128.000  0.00241280     0.00000
     133.000  0.00249759     0.00000
     138.000  0.00258536     0.00000
     143.000  0.00267621     0.00000
     148.000  0.00277026     0.00000
     153.000  0.00286761     0.00000
     158.000  0.00296839     0.00000
     163.000  0.00307270     0.00000
     168.000  0.00318069     0.00000
     173.000  0.00329246     0.00000
     178.000  0.00340817 6.38621E-10
     183.000  0.00352794 2.93766E-08
     188.000  0.00365192 1.63274E-07
     193.000  0.00378025 1.89032E-07
     198.000  0.00391310 2.21602E-07
     203.000  0.00405061 2.29478E-07
     208.000  0.00419296 1.90948E-07
     213.000  0.00434031 1.48586E-07
     218.000  0.00449284 1.17081E-07
     223.000  0.00465073 1.00689E-07
     228.000  0.00481416 1.00902E-07
     233.000  0.00498334 9.17486E-08
     238.000  0.00515847 9.30258E-08
     243.000  0.00533975 1.06011E-07
     248.000  0.00552740 1.38368E-07
     253.000  0.00572164 1.58378E-07
     258.000  0.00592271 2.23517E-07
     263.000  0.00613085 3.32509E-07
     268.000  0.00634630 5.15580E-07
     273.000  0.00656932 7.99341E-07
     278.000  0.00680018 1.02371E-06
     283.000  0.00703916 1.38921E-06
     288.000  0.00728653 1.82113E-06
     293.000  0.00754259 2.28286E-06
     298.000  0.00780766 2.72819E-06
     303.000  0.00808203 3.15138E-06
     308.000  0.00836605 3.38959E-06
     313.000  0.00866006 3.57117E-06
     318.000  0.00896439 3.77085E-06
     323.000  0.00927942 4.10655E-06
     328.000  0.00960552 4.45374E-06
     333.000  0.00994307 5.03446E-06
     338.000   0.0102925 5.68330E-06
     343.000   0.0106542 6.51607E-06
     348.000   0.0110286 7.27815E-06
     353.000   0.0114162 8.62373E-06
     358.000   0.0118174 1.01309E-05
     363.000   0.0122327 1.13317E-05
     368.000   0.0126625 1.25144E-05
     373.000   0.0131075 1.28908E-05
     378.000   0.0135682 1.32112E-05
     383.000   0.0140450 1.40988E-05
     388.000   0.0145385 1.51079E-05
     393.000   0.0150495 1.65533E-05
     398.000   0.0155783 1.81867E-05
     403.000   0.0161258 1.99020E-05
     408.000   0.0166925 2.22913E-05
     413.000   0.0172791 2.65305E-05
     418.000   0.0178863 3.11930E-05
     423.000   0.0185149 3.54531E-05
     428.000   0.0191655 4.00435E-05
     433.000   0.0198390 4.42137E-05
     438.000   0.0205362 4.80961E-05
     443.000   0.0212579 5.18013E-05
     448.000   0.0220050 5.45065E-05
     453.000   0.0227783 5.79238E-05
     458.000   0.0235787 6.29542E-05
     463.000   0.0244074 6.90186E-05
     468.000   0.0252651 7.72102E-05
     473.000   0.0261530 8.55546E-05
     478.000   0.0270720 9.42705E-05
     483.000   0.0280234 0.000102841
     488.000   0.0290082 0.000109228
     493.000   0.0300276 0.000117057
     498.000   0.0310828 0.000126830
     503.000   0.0321752 0.000139179
     508.000   0.0333059 0.000152781
     513.000   0.0344763 0.000165678
     518.000   0.0356879 0.000176817
     523.000   0.0369420 0.000185072
     528.000   0.0382402 0.000196315
     533.000   0.0395841 0.000210018
     538.000   0.0409752 0.000227807
     543.000   0.0424151 0.000247671
     548.000   0.0439057 0.000267270
     553.000   0.0454486 0.000289772
     558.000   0.0470458 0.000315716
     563.000   0.0486991 0.000339525
     568.000   0.0504105 0.000361436
     573.000   0.0521820 0.000385172
     578.000   0.0540158 0.000410020
     583.000   0.0559140 0.000441416
     588.000   0.0578790 0.000475698
     593.000   0.0599129 0.000511636
     598.000   0.0620184 0.000547644
     603.000   0.0641979 0.000585134
     608.000   0.0664539 0.000627616
     613.000   0.0687893 0.000669843
     618.000   0.0712067 0.000708478
     623.000   0.0737090 0.000742543
     628.000   0.0762993 0.000777142
     633.000   0.0789807 0.000821003
     638.000   0.0817562 0.000866722
     643.000   0.0846293 0.000915428
     648.000   0.0876034 0.000964857
     653.000   0.0906819  0.00101325
     658.000   0.0938687  0.00105519
     663.000   0.0971674  0.00110164
     668.000    0.100582  0.00114681
     673.000    0.104117  0.00119413
     678.000    0.107776  0.00124046
     683.000    0.111563  0.00128511
     688.000    0.115484  0.00133106
     693.000    0.119542  0.00137307
     698.000    0.123743  0.00141577
     703.000    0.128092  0.00145932
     708.000    0.132593  0.00149999
     713.000    0.137253  0.00154315
     718.000    0.142076  0.00158113
     723.000    0.147069  0.00161412
     728.000    0.152237  0.00164779
     733.000    0.157587  0.00168642
     738.000    0.163125  0.00173131
     743.000    0.168858  0.00177621
     748.000    0.174792  0.00182271
     753.000    0.180934  0.00186910
     758.000    0.187293  0.00191662
     763.000    0.193875  0.00196284
     768.000    0.200688  0.00200321
     773.000    0.207740  0.00204856
     778.000    0.215041  0.00209824
     783.000    0.222598  0.00214764
     788.000    0.230420  0.00218977
     793.000    0.238518  0.00222874
     798.000    0.246900  0.00225908
     803.000    0.255576  0.00228668
     808.000    0.264558  0.00231856
     813.000    0.273855  0.00234174
     818.000    0.283479  0.00236379
     823.000    0.293441  0.00238617
     828.000    0.303753  0.00240691
     833.000    0.314428  0.00242367
     838.000    0.325477  0.00243408
     843.000    0.336915  0.00243509
     848.000    0.348755  0.00243347
     853.000    0.361011  0.00243470
     858.000    0.373698  0.00243418
     863.000    0.386830  0.00243348
     868.000    0.400425  0.00242702
     873.000    0.414496  0.00242005
     878.000    0.429063  0.00241170
     883.000    0.444141  0.00240175
     888.000    0.459749  0.00238736
     893.000    0.475906  0.00236999
     898.000    0.492630  0.00235616
     903.000    0.509942  0.00233920
     908.000    0.527862  0.00232223
     913.000    0.546413  0.00230800
     918.000    0.565615  0.00228518
     923.000    0.585492  0.00226103
     928.000    0.606067  0.00223752
     933.000    0.627366  0.00221423
     938.000    0.649413  0.00218758
     943.000    0.672234  0.00215189
     948.000    0.695858  0.00211912
     953.000    0.720312  0.00208771
     958.000    0.745625  0.00205349
     963.000    0.771828  0.00201913
     968.000    0.798952  0.00198204
     973.000    0.827029  0.00194460
     978.000    0.856093  0.00190719
     983.000    0.886178  0.00186842
     988.000    0.917320  0.00182824
     993.000    0.949556  0.00178705
     998.000    0.982926  0.00174663
     1003.00     1.01747  0.00170488
     1008.00     1.05322  0.00166103
     1013.00     1.09024  0.00161733
     1018.00     1.12855  0.00157476
     1023.00     1.16821  0.00153469
     1028.00     1.20926  0.00149247
     1033.00     1.25176  0.00144924
     1038.00     1.29575  0.00140883
     1043.00     1.34128  0.00136667
     1048.00     1.38842  0.00132544
     1053.00     1.43721  0.00128437
     1058.00     1.48772  0.00124432
     1063.00     1.54000  0.00120436
     1068.00     1.59412  0.00116521
     1073.00     1.65014  0.00112921
     1078.00     1.70813  0.00109200
     1083.00     1.76816  0.00105316
     1088.00     1.83029  0.00101566
     1093.00     1.89461 0.000977844
     1098.00     1.96119 0.000941025
     1103.00     2.03012 0.000906515
     1108.00     2.10146 0.000872117
     1113.00     2.17531 0.000837478
     1118.00     2.25175 0.000803398
     1123.00     2.33088 0.000772345
     1128.00     2.41280 0.000742215
     1133.00     2.49759 0.000712565
     1138.00     2.58536 0.000684788
     1143.00     2.67621 0.000655834
     1148.00     2.77026 0.000627205
     1153.00     2.86761 0.000599551
     1158.00     2.96839 0.000573517
     1163.00     3.07270 0.000547410
     1168.00     3.18069 0.000522501
     1173.00     3.29246 0.000498836
     1178.00     3.40817 0.000476007
     1183.00     3.52794 0.000455051
     1188.00     3.65192 0.000434621
     1193.00     3.78025 0.000413806
     1198.00     3.91310 0.000394525
     1203.00     4.05061 0.000375878
     1208.00     4.19296 0.000357532
     1213.00     4.34031 0.000339001
     1218.00     4.49284 0.000322408
     1223.00     4.65073 0.000306960
     1228.00     4.81416 0.000291962
     1233.00     4.98334 0.000277871
     1238.00     5.15847 0.000263650
     1243.00     5.33975 0.000250352
     1248.00     5.52740 0.000238195
     1253.00     5.72164 0.000226018
     1258.00     5.92271 0.000214091
     1263.00     6.13085 0.000203200
     1268.00     6.34630 0.000193055
     1273.00     6.56932 0.000183247
     1278.00     6.80019 0.000174188
     1283.00     7.03916 0.000165109
     1288.00     7.28653 0.000156919
     1293.00     7.54259 0.000148310
     1298.00     7.80766 0.000141004
     1303.00     8.08204 0.000133645
     1308.00     8.36605 0.000126336
     1313.00     8.66006 0.000120057
     1318.00     8.96439 0.000113223
     1323.00     9.27942 0.000107239
     1328.00     9.60552 0.000101354
     1333.00     9.94308 9.56795E-05
     1338.00     10.2925 9.06050E-05
     1343.00     10.6542 8.59369E-05
     1348.00     11.0286 8.12739E-05
     1353.00     11.4162 7.66072E-05
     1358.00     11.8174 7.23078E-05
     1363.00     12.2327 6.86432E-05
     1368.00     12.6625 6.44191E-05
     1373.00     13.1075 6.07206E-05
     1378.00     13.5682 5.74262E-05
     1383.00     14.0450 5.41385E-05
     1388.00     14.5385 5.10556E-05
     1393.00     15.0495 4.81865E-05
     1398.00     15.5783 4.54439E-05
     1403.00     16.1258 4.30836E-05
     1408.00     16.6925 4.02991E-05
     1413.00     17.2791 3.79916E-05
     1418.00     17.8863 3.57587E-05
     1423.00     18.5149 3.37494E-05
     1428.00     19.1655 3.18419E-05
     1433.00     19.8390 2.99266E-05
     1438.00     20.5362 2.82094E-05
     1443.00     21.2579 2.65079E-05
     1448.00     22.0050 2.50832E-05
     1453.00     22.7783 2.36171E-05
     1458.00     23.5787 2.21289E-05
     1463.00     24.4074 2.08185E-05
     1468.00     25.2651 1.96054E-05
     1473.00     26.1530 1.85493E-05
     1478.00     27.0720 1.75126E-05
     1483.00     28.0234 1.64868E-05
     1488.00     29.0082 1.56228E-05
     1493.00     30.0276 1.48860E-05
     1498.00     31.0828 1.40682E-05
     1503.00     32.1752 1.32944E-05
     1508.00     33.3059 1.25219E-05
     1513.00     34.4763 1.18701E-05
     1518.00     35.6879 1.11777E-05
     1523.00     36.9420 1.04950E-05
     1528.00     38.2402 9.92275E-06
     1533.00     39.5841 9.36225E-06
     1538.00     40.9752 8.86169E-06
     1543.00     42.4151 8.32769E-06
     1548.00     43.9057 7.88358E-06
     1553.00     45.4486 7.50443E-06
     1558.00     47.0458 6.97184E-06
     1563.00     48.6991 6.63888E-06
     1568.00     50.4105 6.26638E-06
     1573.00     52.1820 5.92399E-06
     1578.00     54.0158 5.61399E-06
     1583.00     55.9140 5.21387E-06
     1588.00     57.8790 4.85123E-06
     1593.00     59.9130 4.62629E-06
     1598.00     62.0184 4.43771E-06
     1603.00     64.1979 4.19767E-06
     1608.00     66.4539 3.95044E-06
     1613.00     68.7893 3.72297E-06
     1618.00     71.2067 3.51381E-06
     1623.00     73.7090 3.27653E-06
     1628.00     76.2993 3.10335E-06
     1633.00     78.9807 2.90398E-06
     1638.00     81.7562 2.75173E-06
     1643.00     84.6293 2.62144E-06
     1648.00     87.6034 2.45543E-06
     1653.00     90.6819 2.31037E-06
     1658.00     93.8687 2.19725E-06
     1663.00     97.1674 2.04887E-06
     1668.00     100.582 1.89392E-06
     1673.00     104.117 1.79726E-06
     1678.00     107.776 1.74374E-06
     1683.00     111.563 1.60979E-06
     1688.00     115.484 1.55963E-06
     1693.00     119.542 1.45142E-06
     1698.00     123.743 1.37184E-06
     1703.00     128.092 1.29661E-06
     1708.00     132.593 1.22518E-06
     1713.00     137.253 1.15559E-06
     1718.00     142.076 1.08258E-06
     1723.00     147.069 1.01183E-06
     1728.00     152.237 9.61935E-07
     1733.00     157.587 8.88785E-07
     1738.00     163.125 8.57172E-07
     1743.00     168.858 7.87949E-07
     1748.00     174.792 7.29674E-07
     1753.00     180.934 6.86267E-07
     1758.00     187.293 6.36096E-07
     1763.00     193.875 5.89293E-07
     1768.00     200.688 5.61603E-07
     1773.00     207.740 5.54112E-07
     1778.00     215.041 4.99111E-07
     1783.00     222.598 4.60204E-07
     1788.00     230.420 4.30702E-07
     1793.00     238.518 4.04499E-07
     1798.00     246.900 3.99984E-07
     1803.00     255.576 3.68933E-07
     1808.00     264.558 3.55258E-07
     1813.00     273.855 3.28422E-07
     1818.00     283.479 3.17175E-07
     1823.00     293.441 2.87782E-07
     1828.00     303.753 2.77263E-07
     1833.00     314.428 2.59950E-07
     1838.00     325.477 2.47940E-07
     1843.00     336.915 2.29787E-07
     1848.00     348.755 2.15487E-07
     1853.00     361.011 1.95242E-07
     1858.00     373.698 1.95597E-07
     1863.00     386.831 1.74868E-07
     1868.00     400.425 1.62047E-07
     1873.00     414.496 1.51162E-07
     1878.00     429.063 1.37984E-07
     1883.00     444.141 1.25675E-07
     1888.00     459.749 1.23572E-07
     1893.00     475.906 1.05995E-07
     1898.00     492.630 1.01768E-07
     1903.00     509.942 9.64878E-08
     1908.00     527.862 8.94274E-08
     1913.00     546.413 8.54464E-08
     1918.00     565.615 8.63256E-08
     1923.00     585.492 6.72056E-08
     1928.00     606.067 6.40051E-08
     1933.00     627.366 6.10963E-08
     1938.00     649.413 5.84673E-08
     1943.00     672.234 5.63876E-08
     1948.00     695.858 5.47649E-08
     1953.00     720.312 5.16661E-08
     1958.00     745.625 5.02692E-08
     1963.00     771.828 4.87167E-08
     1968.00     798.952 4.64735E-08
     1973.00     827.029 4.45681E-08
     1978.00     856.092 4.23784E-08
     1983.00     886.178 4.04742E-08
     1988.00     917.320 3.93775E-08
     1993.00     949.556 3.72281E-08
     1998.00     982.926 3.49792E-08
     2003.00     1017.47 3.40466E-08
     2008.00     1053.22 3.28804E-08
     2013.00     1090.24 3.11291E-08
     2018.00     1128.55 2.99428E-08
     2023.00     1168.21 2.78071E-08
     2028.00     1209.26 2.72330E-08
     2033.00     1251.76 2.56980E-08
     2038.00     1295.75 2.46600E-08
     2043.00     1341.28 2.35826E-08
     2048.00     1388.42 2.20138E-08
     2053.00     1437.21 2.17891E-08
     2058.00     1487.72 2.08270E-08
     2063.00     1540.00 1.89849E-08
     2068.00     1594.12 1.85024E-08
     2073.00     1650.14 1.76935E-08
     2078.00     1708.13 1.64999E-08
     2083.00     1768.16 1.56236E-08
     2088.00     1830.29 1.49445E-08
     2093.00     1894.61 1.41335E-08
     2098.00     1961.19 1.33892E-08
     2103.00     2030.12 1.29227E-08
     2108.00     2101.46 1.21693E-08
     2113.00     2175.31 1.18106E-08
     2118.00     2251.75 1.09241E-08
     2123.00     2330.88 1.07223E-08
     2128.00     2412.80 9.86079E-09
     2133.00     2497.59 8.96179E-09
     2138.00     2585.36 8.84919E-09
     2143.00     2676.21 8.09684E-09
     2148.00     2770.26 7.58176E-09
     2153.00     2867.61 7.27692E-09
     2158.00     2968.39 6.49898E-09
     2163.00     3072.70 6.26466E-09
     2168.00     3180.69 5.86038E-09
     2173.00     3292.46 5.65164E-09
     2178.00     3408.17 4.98165E-09
     2183.00     3527.94 5.03394E-09
     2188.00     3651.92 4.37122E-09
     2193.00     3780.25 4.28273E-09
     2198.00     3913.10 3.93754E-09
     2203.00     4050.61 3.81475E-09
     2208.00     4192.96 3.34491E-09
     2213.00     4340.31 3.29823E-09
     2218.00     4492.84 3.13686E-09
     2223.00     4650.73 2.90216E-09
     2228.00     4814.16 2.60941E-09
     2233.00     4983.34 2.55860E-09
     2238.00     5158.47 2.27682E-09
     2243.00     5339.75 2.12018E-09
     2248.00     5527.40 1.98687E-09
     2253.00     5721.64 1.95153E-09
     2258.00     5922.71 1.79775E-09
     2263.00     6130.85 1.62336E-09
     2268.00     6346.30 1.58845E-09
     2273.00     6569.32 1.38116E-09
     2278.00     6800.19 1.36218E-09
     2283.00     7039.16 1.30374E-09
     2288.00     7286.53 1.15125E-09
     2293.00     7542.59 1.15584E-09
     2298.00     7807.66 1.14322E-09
     2303.00     8082.04 9.85881E-10
     2308.00     8366.06 9.27024E-10
     2313.00     8660.06 8.49100E-10
     2318.00     8964.39 8.22384E-10
     2323.00     9279.42 6.50151E-10
     2328.00     9605.52 6.21784E-10
     2333.00     9943.08 5.79772E-10
     2338.00     10292.5 5.54002E-10
     2343.00     10654.2 5.19751E-10
     2348.00     11028.6 4.98048E-10
     2353.00     11416.2 4.86791E-10
     2358.00     11817.4 4.58336E-10
     2363.00     12232.7 4.47197E-10
     2368.00     12662.5 4.17561E-10
     2373.00     13107.5 3.97733E-10
     2378.00     13568.2 3.88310E-10
     2383.00     14045.0 3.75960E-10
     2388.00     14538.5 3.55380E-10
     2393.00     15049.5 3.46357E-10
     2398.00     15578.3 3.20835E-10
     2403.00     16125.8 3.25391E-10
     2408.00     16692.5 3.06275E-10
     2413.00     17279.1 2.85141E-10
     2418.00     17886.3 2.82908E-10
     2423.00     18514.9 2.68608E-10
     2428.00     19165.5 2.53326E-10
     2433.00     19839.0 2.43975E-10
     2438.00     20536.2 2.36264E-10
     2443.00     21257.9 2.24447E-10
     2448.00     22005.0 2.12756E-10
     2453.00     22778.3 2.00898E-10
     2458.00     23578.7 1.90643E-10
     2463.00     24407.4 1.74749E-10
     2468.00     25265.1 1.71985E-10
     2473.00     26153.0 1.62466E-10
     2478.00     27072.0 1.50618E-10
     2483.00     28023.4 1.46378E-10
     2488.00     29008.2 1.43049E-10
     2493.00     30027.6 1.33063E-10
     2498.00     31082.8 1.22546E-10
     2503.00     32175.2 1.17656E-10
     2508.00     33305.9 1.14225E-10
     2513.00     34476.3 1.06345E-10
     2518.00     35687.9 1.05166E-10
     2523.00     36942.0 9.81917E-11
     2528.00     38240.2 9.17346E-11
     2533.00     39584.1 8.69952E-11
     2538.00     40975.2 8.28302E-11
     2543.00     42415.1 7.40244E-11
     2548.00     43905.7 7.11192E-11
     2553.00     45448.6 6.55050E-11
     2558.00     47045.8 6.48650E-11
     2563.00     48699.1 6.17260E-11
     2568.00     50410.5 5.66550E-11
     2573.00     52182.0 5.39623E-11
     2578.00     54015.8 5.13855E-11
     2583.00     55914.0 4.80569E-11
     2588.00     57879.0 4.47601E-11
     2593.00     59913.0 4.26415E-11
     2598.00     62018.4 3.81875E-11
     2603.00     64197.9 3.48778E-11
     2608.00     66453.9 3.23591E-11
     2613.00     68789.3 3.11597E-11
     2618.00     71206.7 2.75540E-11
     2623.00     73709.0 2.74435E-11
     2628.00     76299.3 2.51330E-11
     2633.00     78980.6 2.18293E-11
     2638.00     81756.2 2.09843E-11
     2643.00     84629.3 2.03010E-11
     2648.00     87603.4 1.89204E-11
     2653.00     90681.9 1.73808E-11
     2658.00     93868.7 1.64111E-11
     2663.00     97167.4 1.44856E-11
     2668.00     100582. 1.38325E-11
     2673.00     104117. 1.34472E-11
     2678.00     107776. 1.19848E-11
     2683.00     111563. 1.12579E-11
     2688.00     115484. 1.04504E-11
     2693.00     119542. 9.54294E-12
     2698.00     123743. 9.47180E-12
     2703.00     128092. 8.91391E-12
     2708.00     132593. 8.15933E-12
     2713.00     137253. 7.94172E-12
     2718.00     142076. 7.66007E-12
     2723.00     147069. 6.49823E-12
     2728.00     152237. 6.26167E-12
     2733.00     157587. 5.96363E-12
     2738.00     163125. 5.72178E-12
     2743.00     168858. 5.52708E-12
     2748.00     174792. 5.31049E-12
     2753.00     180934. 5.00015E-12
     2758.00     187293. 4.93389E-12
     2763.00     193875. 4.63345E-12
     2768.00     200688. 4.53806E-12
     2773.00     207740. 4.23598E-12
     2778.00     215041. 4.07960E-12
     2783.00     222598. 3.80048E-12
     2788.00     230420. 3.59709E-12
     2793.00     238518. 3.48802E-12
     2798.00     246900. 3.30531E-12
     2803.00     255576. 3.12206E-12
     2808.00     264558. 3.00524E-12
     2813.00     273855. 2.88008E-12
     2818.00     283479. 2.68284E-12
     2823.00     293441. 2.52175E-12
     2828.00     303753. 2.40744E-12
     2833.00     314428. 2.24588E-12
     2838.00     325477. 2.19856E-12
     2843.00     336915. 2.07768E-12
     2848.00     348755. 1.98321E-12
     2853.00     361011. 1.80623E-12
     2858.00     373698. 1.71640E-12
     2863.00     386830. 1.63057E-12
     2868.00     400425. 1.51100E-12
     2873.00     414496. 1.41135E-12
     2878.00     429063. 1.32649E-12
     2883.00     444141. 1.28248E-12
     2888.00     459749. 1.22548E-12
     2893.00     475906. 1.10782E-12
     2898.00     492630. 1.06427E-12
     2903.00     509942. 1.04049E-12
     2908.00     527862. 9.73029E-13
     2913.00     546413. 8.97945E-13
     2918.00     565615. 8.80308E-13
     2923.00     585492. 7.69586E-13
     2928.00     606067. 7.72614E-13
     2933.00     627366. 7.46900E-13
     2938.00     649413. 7.10763E-13
     2943.00     672234. 6.78597E-13
     2948.00     695858. 6.04201E-13
     2953.00     720312. 5.68057E-13
     2958.00     745625. 5.60196E-13
     2963.00     771828. 5.24197E-13
     2968.00     798952. 5.04547E-13
     2973.00     827029. 4.82171E-13
     2978.00     856092. 4.49704E-13
     2983.00     886177. 4.23080E-13
     2988.00     917320. 3.99036E-13
     2993.00     949556. 3.94128E-13
     2998.00     982926. 3.48189E-13
     3003.00 1.01747E+06 3.20708E-13
     3008.00 1.05322E+06 2.95575E-13
     3013.00 1.09024E+06 2.96768E-13
     3018.00 1.12855E+06 2.59417E-13
     3023.00 1.16821E+06 2.34566E-13
     3028.00 1.20926E+06 2.39661E-13
     3033.00 1.25176E+06 2.21554E-13
     3038.00 1.29575E+06 2.15767E-13
     3043.00 1.34128E+06 1.96871E-13
     3048.00 1.38842E+06 2.03809E-13
     3053.00 1.43721E+06 1.77911E-13
     3058.00 1.48772E+06 1.65471E-13
     3063.00 1.54000E+06 1.61529E-13
     3068.00 1.59412E+06 1.50724E-13
     3073.00 1.65014E+06 1.42458E-13
     3078.00 1.70813E+06 1.36258E-13
     3083.00 1.76816E+06 1.36411E-13
     3088.00 1.83029E+06 1.20885E-13
     3093.00 1.89461E+06 1.14965E-13
     3098.00 1.96119E+06 1.08828E-13
     3103.00 2.03012E+06 9.97634E-14
     3108.00 2.10146E+06 9.47044E-14
     3113.00 2.17531E+06 9.29699E-14
     3118.00 2.25175E+06 8.86454E-14
     3123.00 2.33088E+06 8.51156E-14
     3128.00 2.41280E+06 8.00469E-14
     3133.00 2.49759E+06 7.89963E-14
     3138.00 2.58536E+06 7.49825E-14
     3143.00 2.67621E+06 7.15832E-14
     3148.00 2.77026E+06 6.92349E-14
     3153.00 2.86761E+06 6.81590E-14
     3158.00 2.96839E+06 6.51074E-14
     3163.00 3.07270E+06 6.24491E-14
     3168.00 3.18069E+06 6.11761E-14
     3173.00 3.29246E+06 5.82784E-14
     3178.00 3.40817E+06 5.59138E-14
     3183.00 3.52794E+06 5.60492E-14
     3188.00 3.65192E+06 5.26089E-14
     3193.00 3.78025E+06 5.04529E-14
     3198.00 3.91310E+06 4.81177E-14
     3203.00 4.05061E+06 4.36970E-14
     3208.00 4.19296E+06 4.09688E-14
     3213.00 4.34031E+06 3.97821E-14
     3218.00 4.49284E+06 3.73007E-14
     3223.00 4.65073E+06 3.56842E-14
     3228.00 4.81416E+06 3.37611E-14
     3233.00 4.98334E+06 3.25361E-14
     3238.00 5.15847E+06 3.15111E-14
     3243.00 5.33975E+06 2.90155E-14
     3248.00 5.52740E+06 2.75894E-14
     3253.00 5.72164E+06 2.68111E-14
     3258.00 5.92271E+06 2.73394E-14
     3263.00 6.13085E+06 2.49259E-14
     3268.00 6.34630E+06 2.42929E-14
     3273.00 6.56932E+06 2.25778E-14
     3278.00 6.80019E+06 2.10593E-14
     3283.00 7.03916E+06 2.02701E-14
     3288.00 7.28653E+06 1.98817E-14
     3293.00 7.54259E+06 1.75705E-14
     3298.00 7.80766E+06 1.70261E-14
     3303.00 8.08203E+06 1.69283E-14
     3308.00 8.36606E+06 1.61932E-14
     3313.00 8.66006E+06 1.51030E-14
     3318.00 8.96439E+06 1.36478E-14
     3323.00 9.27942E+06 1.30790E-14
     3328.00 9.60552E+06 1.20713E-14
     3333.00 9.94308E+06 1.17208E-14
     3338.00 1.02925E+07 1.12025E-14
     3343.00 1.06542E+07 1.05114E-14
     3348.00 1.10286E+07 9.46188E-15
     3353.00 1.14162E+07 9.92262E-15
     3358.00 1.18174E+07 9.14011E-15
     3363.00 1.22327E+07 8.62802E-15
     3368.00 1.26625E+07 8.21367E-15
     3373.00 1.31075E+07 7.90776E-15
     3378.00 1.35682E+07 7.32589E-15
     3383.00 1.40450E+07 7.30527E-15
     3388.00 1.45385E+07 7.02077E-15
     3393.00 1.50495E+07 6.83957E-15
     3398.00 1.55783E+07 6.33263E-15
     3403.00 1.61258E+07 6.06003E-15
     3408.00 1.66925E+07 5.75016E-15
     3413.00 1.72791E+07 5.24263E-15
     3418.00 1.78863E+07 5.00889E-15
     3423.00 1.85149E+07 4.51167E-15
     3428.00 1.91655E+07 4.42047E-15
     3433.00 1.98390E+07 4.34950E-15
     3438.00 2.05362E+07 4.30330E-15
     3443.00 2.12579E+07 3.71310E-15
     3448.00 2.20050E+07 3.90799E-15
     3453.00 2.27783E+07 3.60723E-15
     3458.00 2.35787E+07 3.39034E-15
     3463.00 2.44074E+07 3.28844E-15
     3468.00 2.52651E+07 3.09177E-15
     3473.00 2.61530E+07 2.92207E-15
     3478.00 2.70720E+07 2.74661E-15
     3483.00 2.80234E+07 2.65621E-15
     3488.00 2.90082E+07 2.48155E-15
     3493.00 3.00276E+07 2.42623E-15
     3498.00 3.10828E+07 2.23254E-15
     3503.00 3.21752E+07 2.14293E-15
     3508.00 3.33059E+07 2.13183E-15
     3513.00 3.44763E+07 2.07076E-15
     3518.00 3.56879E+07 2.06858E-15
     3523.00 3.69420E+07 1.97580E-15
     3528.00 3.82403E+07 1.84297E-15
     3533.00 3.95841E+07 1.75792E-15
     3538.00 4.09752E+07 1.71827E-15
     3543.00 4.24151E+07 1.65780E-15
     3548.00 4.39057E+07 1.62073E-15
     3553.00 4.54486E+07 1.52497E-15
     3558.00 4.70458E+07 1.47541E-15
     3563.00 4.86991E+07 1.45380E-15
     3568.00 5.04105E+07 1.36914E-15
     3573.00 5.21820E+07 1.31898E-15
     3578.00 5.40158E+07 1.27279E-15
     3583.00 5.59140E+07 1.21649E-15
     3588.00 5.78790E+07 1.16653E-15
     3593.00 5.99130E+07 1.15225E-15
     3598.00 6.20184E+07 1.09218E-15
     3603.00 6.41979E+07 1.09595E-15
     3608.00 6.64539E+07 1.02715E-15
     3613.00 6.87893E+07 1.00614E-15
     3618.00 7.12067E+07 9.71842E-16
     3623.00 7.37090E+07 9.24062E-16
     3628.00 7.62993E+07 8.79852E-16
     3633.00 7.89807E+07 8.56854E-16
     3638.00 8.17562E+07 8.06894E-16
     3643.00 8.46293E+07 7.85879E-16
     3648.00 8.76034E+07 7.62089E-16
     3653.00 9.06819E+07 7.26007E-16
     3658.00 9.38687E+07 7.21843E-16
     3663.00 9.71674E+07 6.78624E-16
     3668.00 1.00582E+08 6.60583E-16
     3673.00 1.04117E+08 6.43136E-16
     3678.00 1.07776E+08 5.85246E-16
     3683.00 1.11563E+08 5.61852E-16
     3688.00 1.15484E+08 5.53525E-16
     3693.00 1.19542E+08 5.14866E-16
     3698.00 1.23743E+08 4.89291E-16
     3703.00 1.28092E+08 4.79577E-16
     3708.00 1.32593E+08 4.69664E-16
     3713.00 1.37253E+08 4.39926E-16
     3718.00 1.42076E+08 4.22083E-16
     3723.00 1.47069E+08 3.97896E-16
     3728.00 1.52237E+08 4.08602E-16
     3733.00 1.57587E+08 3.78467E-16
     3738.00 1.63125E+08 3.65779E-16
     3743.00 1.68858E+08 3.37627E-16
     3748.00 1.74792E+08 3.23352E-16
     3753.00 1.80934E+08 3.26723E-16
     3758.00 1.87293E+08 3.11655E-16
     3763.00 1.93875E+08 3.14629E-16
     3768.00 2.00688E+08 2.93218E-16
     3773.00 2.07740E+08 2.92821E-16
     3778.00 2.15041E+08 2.81917E-16
     3783.00 2.22598E+08 2.67247E-16
     3788.00 2.30420E+08 2.43258E-16
     3793.00 2.38518E+08 2.43060E-16
     3798.00 2.46900E+08 2.29578E-16
     3803.00 2.55576E+08 2.35328E-16
     3808.00 2.64558E+08 2.21846E-16
     3813.00 2.73855E+08 2.15700E-16
     3818.00 2.83479E+08 2.03409E-16
     3823.00 2.93441E+08 1.95082E-16
     3828.00 3.03753E+08 1.81601E-16
     3833.00 3.14428E+08 1.92901E-16
     3838.00 3.25477E+08 1.86161E-16
     3843.00 3.36915E+08 1.78230E-16
     3848.00 3.48755E+08 1.72085E-16
     3853.00 3.61011E+08 1.64353E-16
     3858.00 3.73698E+08 1.63163E-16
     3863.00 3.86831E+08 1.52457E-16
     3868.00 4.00425E+08 1.46113E-16
     3873.00 4.14496E+08 1.47303E-16
     3878.00 4.29063E+08 1.32830E-16
     3883.00 4.44141E+08 1.29063E-16
     3888.00 4.59749E+08 1.18358E-16
     3893.00 4.75905E+08 1.21926E-16
     3898.00 4.92630E+08 1.13005E-16
     3903.00 5.09942E+08 1.07652E-16
     3908.00 5.27862E+08 1.02696E-16
     3913.00 5.46413E+08 1.16375E-16
     3918.00 5.65615E+08 1.02894E-16
     3923.00 5.85492E+08 1.09238E-16
     3928.00 6.06067E+08 9.91271E-17
     3933.00 6.27366E+08 9.15934E-17
     3938.00 6.49413E+08 9.17917E-17
     3943.00 6.72234E+08 9.25847E-17
     3948.00 6.95858E+08 8.78266E-17
     3953.00 7.20312E+08 8.82231E-17
     3958.00 7.45625E+08 8.44562E-17
     3963.00 7.71828E+08 7.53366E-17
     3968.00 7.98952E+08 7.05785E-17
     3973.00 8.27029E+08 6.93889E-17
     3978.00 8.56093E+08 6.72081E-17
     3983.00 8.86178E+08 6.30448E-17
     3988.00 9.17320E+08 6.66134E-17
     3993.00 9.49556E+08 6.18553E-17
     3998.00 9.82926E+08 5.31321E-17
     4003.00 1.01747E+09 6.46308E-17
     4008.00 1.05322E+09 5.88815E-17
     4013.00 1.09024E+09 5.05548E-17
     4018.00 1.12855E+09 5.47181E-17
     4023.00 1.16821E+09 5.09513E-17
     4028.00 1.20926E+09 5.09513E-17
     4033.00 1.25176E+09 4.79775E-17
     4038.00 1.29575E+09 5.49164E-17
     4043.00 1.34128E+09 4.52019E-17
     4048.00 1.38842E+09 4.79775E-17
     4053.00 1.43721E+09 4.28229E-17
     4058.00 1.48772E+09 3.66770E-17
     4063.00 1.54000E+09 4.26246E-17
     4068.00 1.59412E+09 3.60822E-17
     4073.00 1.65014E+09 3.70735E-17
     4078.00 1.70813E+09 4.08403E-17
     4083.00 1.76816E+09 3.80648E-17
     4088.00 1.83029E+09 3.70735E-17
     4093.00 1.89461E+09 3.35049E-17
     4098.00 1.96119E+09 3.56857E-17
     4103.00 2.03012E+09 3.78665E-17
     4108.00 2.10146E+09 3.60822E-17
     4113.00 2.17531E+09 3.07294E-17
     4118.00 2.25175E+09 2.65661E-17
     4123.00 2.33088E+09 3.25137E-17
     4128.00 2.41280E+09 2.51783E-17
     4133.00 2.49759E+09 2.41870E-17
     4138.00 2.58536E+09 2.73591E-17
     4143.00 2.67621E+09 2.59713E-17
     4148.00 2.77026E+09 2.61695E-17
     4153.00 2.86761E+09 2.35922E-17
     4158.00 2.96839E+09 2.16097E-17
     4163.00 3.07270E+09 2.16097E-17
     4168.00 3.18069E+09 2.06184E-17
     4173.00 3.29246E+09 2.16097E-17
     4178.00 3.40817E+09 2.00237E-17
     4183.00 3.52794E+09 2.10149E-17
     4188.00 3.65192E+09 1.72481E-17
     4193.00 3.78025E+09 2.00237E-17
     4198.00 3.91310E+09 1.72481E-17
     4203.00 4.05061E+09 1.54638E-17
     4208.00 4.19296E+09 1.54638E-17
     4213.00 4.34031E+09 1.86359E-17
     4218.00 4.49284E+09 1.80411E-17
     4223.00 4.65073E+09 1.34813E-17
     4228.00 4.81416E+09 1.44726E-17
     4233.00 4.98334E+09 1.34813E-17
     4238.00 5.15847E+09 1.26883E-17
     4243.00 5.33975E+09 1.16970E-17
     4248.00 5.52740E+09 1.22918E-17
     4253.00 5.72164E+09 1.30848E-17
     4258.00 5.92271E+09 1.13005E-17
     4263.00 6.13085E+09 9.71445E-18
     4268.00 6.34630E+09 9.71445E-18
     4273.00 6.56932E+09 1.05075E-17
     4278.00 6.80018E+09 1.07057E-17
     4283.00 7.03916E+09 1.01110E-17
     4288.00 7.28653E+09 9.91270E-18
     4293.00 7.54259E+09 4.95635E-18
     4298.00 7.80766E+09 6.93889E-18
     4303.00 8.08204E+09 1.07057E-17
     4308.00 8.36606E+09 8.32667E-18
     4313.00 8.66006E+09 6.93889E-18
     4318.00 8.96439E+09 7.53366E-18
     4323.00 9.27942E+09 9.31794E-18
     4328.00 9.60552E+09 7.53366E-18
     4333.00 9.94307E+09 5.15461E-18
     4338.00 1.02925E+10 7.73191E-18
     4343.00 1.06542E+10 6.34413E-18
     4348.00 1.10286E+10 5.15461E-18
     4353.00 1.14162E+10 6.14588E-18
     4358.00 1.18174E+10 4.75810E-18
     4363.00 1.22327E+10 4.95635E-18
     4368.00 1.26625E+10 4.36159E-18
     4373.00 1.31075E+10 5.74937E-18
     4378.00 1.35682E+10 3.76683E-18
     4383.00 1.40450E+10 5.55112E-18
     4388.00 1.45385E+10 3.76683E-18
     4393.00 1.50495E+10 4.95635E-18
     4398.00 1.55783E+10 4.95635E-18
     4403.00 1.61258E+10 3.17207E-18
     4408.00 1.66925E+10 2.77556E-18
     4413.00 1.72791E+10 2.77556E-18
     4418.00 1.78863E+10 2.97381E-18
     4423.00 1.85149E+10 2.77556E-18
     4428.00 1.91655E+10 2.37905E-18
     4433.00 1.98390E+10 2.57730E-18
     4438.00 2.05362E+10 1.38778E-18
     4443.00 2.12579E+10 2.77556E-18
     4448.00 2.20050E+10 1.98254E-18
     4453.00 2.27783E+10 2.57730E-18
     4458.00 2.35787E+10 2.57730E-18
     4463.00 2.44074E+10 1.78429E-18
     4468.00 2.52651E+10 1.98254E-18
     4473.00 2.61529E+10 2.57730E-18
     4478.00 2.70720E+10 9.91271E-19
     4483.00 2.80234E+10 1.38778E-18
     4488.00 2.90082E+10 1.58603E-18
     4493.00 3.00276E+10 2.77556E-18
     4498.00 3.10828E+10 2.37905E-18
     4503.00 3.21752E+10 1.18952E-18
     4508.00 3.33059E+10 1.18952E-18
     4513.00 3.44763E+10 1.18952E-18
     4518.00 3.56879E+10 1.38778E-18
     4523.00 3.69420E+10 9.91271E-19
     4528.00 3.82402E+10 9.91271E-19
     4533.00 3.95841E+10 7.93017E-19
     4538.00 4.09752E+10 9.91271E-19
     4543.00 4.24151E+10 5.94762E-19
     4548.00 4.39057E+10 3.96508E-19
     4553.00 4.54486E+10 1.18952E-18
     4558.00 4.70458E+10 1.98254E-19
     4563.00 4.86991E+10 3.96508E-19
     4568.00 5.04105E+10 1.58603E-18
     4573.00 5.21820E+10 3.96508E-19
     4578.00 5.40158E+10 1.98254E-19
     4583.00 5.59140E+10 5.94762E-19
     4588.00 5.78790E+10 3.96508E-19
     4593.00 5.99130E+10 3.96508E-19
     4598.00 6.20184E+10 1.98254E-19
     4603.00 6.41979E+10 5.94762E-19
     4608.00 6.64539E+10 7.93017E-19
     4613.00 6.87893E+10 1.98254E-19
     4618.00 7.12067E+10 3.96508E-19
     4623.00 7.37090E+10     0.00000
     4628.00 7.62993E+10 1.98254E-19
     4633.00 7.89807E+10     0.00000
     4638.00 8.17562E+10 3.96508E-19
     4643.00 8.46293E+10 1.98254E-19
     4648.00 8.76033E+10 1.98254E-19
     4653.00 9.06819E+10 3.96508E-19
     4658.00 9.38687E+10     0.00000
     4663.00 9.71674E+10     0.00000
     4668.00 1.00582E+11     0.00000
     4673.00 1.04117E+11 1.98254E-19
     4678.00 1.07776E+11     0.00000
     4683.00 1.11563E+11     0.00000
     4688.00 1.15484E+11 1.98254E-19
     4693.00 1.19542E+11     0.00000
     4698.00 1.23743E+11 1.98254E-19
     4703.00 1.28092E+11 3.96508E-19
     4708.00 1.32593E+11 1.98254E-19
     4713.00 1.37253E+11     0.00000
     4718.00 1.42076E+11     0.00000
     4723.00 1.47069E+11 1.98254E-19
     4728.00 1.52237E+11 1.98254E-19
     4733.00 1.57587E+11     0.00000
     4738.00 1.63125E+11     0.00000
     4743.00 1.68858E+11     0.00000
     4748.00 1.74792E+11     0.00000
     4753.00 1.80934E+11     0.00000
     4758.00 1.87293E+11     0.00000
     4763.00 1.93875E+11     0.00000
     4768.00 2.00688E+11     0.00000
     4773.00 2.07740E+11 1.98254E-19
     4778.00 2.15041E+11     0.00000
     4783.00 2.22598E+11 1.98254E-19
     4788.00 2.30420E+11     0.00000
     4793.00 2.38518E+11     0.00000
     4798.00 2.46900E+11     0.00000
     4803.00 2.55576E+11 3.96508E-19
     4808.00 2.64558E+11     0.00000
     4813.00 2.73855E+11     0.00000
     4818.00 2.83479E+11     0.00000
     4823.00 2.93441E+11     0.00000
     4828.00 3.03753E+11     0.00000
     4833.00 3.14428E+11     0.00000
     4838.00 3.25477E+11     0.00000
     4843.00 3.36915E+11     0.00000
     4848.00 3.48755E+11     0.00000
     4853.00 3.61011E+11     0.00000
     4858.00 3.73698E+11     0.00000
     4863.00 3.86830E+11     0.00000
     4868.00 4.00425E+11     0.00000
     4873.00 4.14496E+11     0.00000
     4878.00 4.29063E+11     0.00000
     4883.00 4.44141E+11     0.00000
     4888.00 4.59749E+11     0.00000
     4893.00 4.75905E+11     0.00000
     4898.00 4.92630E+11     0.00000
     4903.00 5.09942E+11     0.00000
     4908.00 5.27862E+11 1.98254E-19
     4913.00 5.46413E+11     0.00000
     4918.00 5.65615E+11     0.00000
     4923.00 5.85492E+11     0.00000
     4928.00 6.06067E+11     0.00000
     4933.00 6.27366E+11     0.00000
     4938.00 6.49413E+11     0.00000
     4943.00 6.72234E+11     0.00000
     4948.00 6.95858E+11     0.00000
     4953.00 7.20312E+11     0.00000
     4958.00 7.45625E+11     0.00000
     4963.00 7.71828E+11     0.00000
     4968.00 7.98952E+11     0.00000
     4973.00 8.27029E+11     0.00000
     4978.00 8.56092E+11     0.00000
     4983.00 8.86177E+11     0.00000
     4988.00 9.17320E+11     0.00000
     4993.00 9.49556E+11     0.00000
     4998.00 9.82926E+11     0.00000
